4.6735
4.5091
4.9162
4.6659
4.6788
4.5791
4.6582
4.9447
4.5348
4.8031
4.6919
4.5662
4.5850
4.6226
4.6371
4.8673
4.7512
4.5974
4.6562
4.5903
4.6992
4.6873
5.0702
4.8119
5.0824
4.8614
4.4642
4.7885
4.5081
4.6108
4.8906
5.3221
4.9748
4.5602
5.1861
4.7278
4.6346
4.4532
4.9665
4.7183
4.7585
4.9195
4.6615
5.8483
4.9336
4.5327
4.8596
4.6309
4.5606
5.8935
4.6731
4.5248
4.7368
4.9601
4.6086
5.1040
4.5082
4.5468
4.5531
4.7639
4.7255
4.5165
4.7133
4.4272
4.5792
4.6704
4.6038
4.5388
4.6176
4.7134
4.6967
4.6478
4.6637
4.5561
4.5839
4.4800
4.5076
4.4760
4.5454
4.7643
4.6210
4.8957
5.5002
4.5015
4.8124
4.7103
5.1522
4.6700
4.7891
5.0239
4.5996
4.8566
4.6942
4.6810
4.4710
4.6880
4.4941
4.9907
4.7915
5.0929
