5.7049
4.6517
4.6120
4.8912
4.8546
4.8897
4.5919
4.7833
4.6589
4.6513
4.6162
4.5282
4.5125
4.3450
4.5485
4.4889
4.7526
4.4598
5.2258
4.6340
4.6074
4.6230
4.4415
4.6841
4.6654
4.7213
4.5720
4.6011
4.5130
4.5931
4.4203
4.4936
4.4809
4.7710
4.5635
4.5180
4.7560
4.6852
4.5997
4.7826
4.6396
4.5607
4.5665
4.4306
4.8586
4.6748
4.7137
4.8103
4.9264
4.4271
4.9971
6.0739
4.8268
5.1580
5.6356
4.6729
4.6471
4.5614
4.4583
4.6480
4.5941
4.7406
4.6616
4.5883
4.6176
4.4684
4.8244
4.7165
4.5059
4.7470
4.6852
4.9404
5.1332
4.7199
5.3538
4.8033
4.6630
4.6221
4.8060
4.7210
4.4773
4.4434
4.9260
4.6986
4.7092
4.8156
4.5210
4.8228
4.6338
4.6936
4.8085
4.4500
4.6481
5.3542
4.6434
4.7386
4.4775
4.7766
5.5156
4.7907
